22 serialization::archive 20 0 0 10 1 0 1 3 13 IgoninReptile 1 0
0 1 0
1 1 2 1 1 2.00000000000000000e+00 2.00000000000000000e+00 0 2.00000000000000000e+00 3
2
3 3 dsa 1 1 2.00000000000000000e+00 2.00000000000000000e+00 0 1.00000000000000000e+00 2
4 6 жив-е1 2 0 3.30000000000000000e+01 2.30000000000000000e+01 3
5
6 6 реп-я2 4 1 3.30000000000000000e+01 2.33000000000000000e+02 0 1.30000000000000000e+01 3
7
8 6 реп-я3 3 2 2.20000000000000000e+01 3.20000000000000000e+01 1 2.20000000000000000e+01 2
9 6 жив-е2 2 0 2.20000000000000000e+01 1.30000000000000000e+01 2
10 9 Животинка 6 1 7.00000000000000000e+00 1.30000000000000000e+01 2
11 7 Жив-ка3 0 2 5.50000000000000000e+01 3.20000000000000000e+01 3
12
13 6 реп-я4 2 0 2.20000000000000000e+01 3.30000000000000000e+01 1 3.00000000000000000e+00 2
14 10 животинка2 4 2 5.50000000000000000e+01 6.00000000000000000e+01